60.302296
55.512966
66.65023
49.224792
61.788944
58.316044
65.08266
67.77243
60.261917
61.610023
59.738976
55.19566
51.714386
55.816593
50.48543
52.070736
56.508923
59.84538
57.71015
56.090786
54.71135
67.10959
55.064873
63.796944
64.68362
71.27745
64.62682
64.04159
46.914616
52.565144
49.22602
52.46909
45.469284
54.070152
48.148766
53.774704
57.4576
65.478386
45.319923
58.506596
58.60214
50.05312
46.157486
64.54908
61.046295
61.68649
65.068016
57.80569
65.15244
47.754257
63.79914
55.10616
75.51959
55.270515
48.665188
46.981766
64.1406
65.44744
55.71096
57.632244
46.963623
66.757614
46.77715
47.14459
51.51022
57.64898
61.882004
71.77816
67.308426
62.22006
61.859035
63.556767
55.27243
49.734455
57.00045
44.91702
63.681004
57.053436
59.408012
51.27843
53.373238
50.407017
51.312866
57.448257
59.714966
59.63388
62.415054
57.40372
61.464176
62.759113
60.11949
53.92479
51.767986
44.806168
45.728867
47.51273
45.259586
51.64453
52.149906
43.167427
52.0673
48.3466
45.862747
58.812183
53.77817
52.191742
49.314972
60.326622
52.02922
50.064255
61.92901
71.75766
62.44552
62.078594
57.53801
60.0698
56.235424
71.03986
74.13526
47.671444
48.474216
47.65645
47.130337
45.30829
55.968025
58.790627
59.721443
51.63398
62.584084
60.770405
75.25421
57.155502
46.80742
58.940308
57.171173
52.12329
49.312443
58.604122
48.897987
65.684616
64.96021
68.37471
67.0852
60.570496
58.794952
58.714397
50.529285
54.271435
48.674164
70.47626
65.33047
65.30873
59.55446
67.29735
66.53362
64.8896
64.62835
72.972626
62.91132
74.01514
64.54357
67.81444
75.569
76.27173
72.39559
80.41847
81.10999
77.00517
71.04755
63.870975
69.400055
68.50401
70.30565
79.81195
69.49201
73.39388
71.91467
74.06233
73.38487
71.48721
