15.974933333333327
16.137866666666657
16.535766666666653
27.145025000000004
27.987066666666678
15.708433333333325
16.163733333333326
16.420733333333327
15.974933333333327
17.43523333333332
15.875833333333325
15.761366666666659
15.107299999999993
26.817175000000002
15.275716666666662
15.09456666666666
27.572675000000004
15.776733333333327
15.744833333333327
15.86306666666666
25.906075000000005
26.92991666666668
26.765175000000003
16.403066666666653
16.387966666666657
17.034766666666652
16.387966666666657
27.676150000000007
29.491191666666676
26.221575
27.27730000000001
25.549700000000012
19.758100000000013
26.591675
28.448891666666672
16.07279999999999
17.433999999999987
27.709250000000008
30.092066666666682
26.390041666666676
26.883441666666673
25.79042500000001
29.29826666666668
26.796033333333344
26.822566666666674
17.00676666666667
16.483650000000008
18.888400000000004
14.977150000000004
27.853000000000012
26.992616666666677
16.1968
26.030243333333342
16.7728
18.06200000000001
18.601450000000003
18.507800000000003
26.668416666666676
26.947000000000006
18.874800000000004
20.673450000000013
19.121450000000006
17.57530000000001
14.620896666666672
14.533300000000004
15.969666666666669
17.315933333333334
27.443800000000014
29.141033333333347
17.01546666666667
15.400200000000002
11.970040000000001
10.331100000000003
12.839400000000003
19.838100000000004
19.217200000000012
19.16690000000001
20.2967
14.719600000000003
14.738500000000002
14.066230000000001
16.767400000000002
10.179775000000003
18.371600000000004
12.7019
12.678400000000002
13.1796
21.52828
14.72954666666667
11.216700000000001
45.75099999999998
13.90413
25.32950000000001
16.69520000000001
19.83298000000001
16.859863333333337
18.264200000000006
14.363300000000006
12.1149
9.05920000000001
17.666800000000002
19.40650000000001
21.704880000000003
14.764000000000001
14.720850000000002
11.408500000000002
14.462433333333333
49.58629999999998
7.684800000000003
19.9741
53.06769999999996
33.254400000000004
13.421000000000003
107.53640000000007
18.232600000000005
108.16220000000003
83.94429999999993
15.818300000000006
15.3195
21.772766666666666
28.455350000000006
23.35693
14.665696666666669
7.0905000000000085
9.711200000000003
12.7793
105.24190000000003
7.6726
10.060200000000002
109.44460000000005
22.50014000000001
122.76010000000011
5.835633333333335
113.24440000000006
27.340399999999995
8.210200000000004
6.912000000000001
105.18660000000001
12.675600000000006
97.4578
94.9656
11.690199999999999
23.743600000000004
11.612600000000002
15.338899999999999
9.9616
24.62979999999998
15.780799999999969
7.129
87.07019999999994
85.68929999999995
85.81789999999995
115.1737000000001
346.4997999999999
82.21149999999994
86.29239999999994
81.82389999999992
85.48329999999994
43.27970000000002
85.72769999999996
13.100900000000001
104.95380000000004
75.67873999999992
85.75023999999996
85.72769999999996
40.39033999999999
12.975240000000001
84.51003999999993
88.81399999999994
43.21540000000002
42.24770000000002
34.32603333333336
51.298700000000025
85.73673999999995
40.30240000000001
85.48329999999994
639.0829999999991
40.046100000000024
637.4560999999991
84.42079999999993
