48.72249
49.86772
50.00746
52.456757
53.003853
48.547424
46.978477
46.417282
48.089798
46.536613
48.755054
49.057854
50.641754
53.00114
49.326317
48.888893
52.19303
49.14363
47.611797
49.608383
53.17857
55.11495
54.878506
50.413795
50.17057
51.051704
50.346275
51.86158
52.997707
53.7435
55.94324
55.80123
62.04255
53.722057
53.834206
50.558567
50.08323
51.757366
53.261253
53.14377
54.742756
54.072784
57.412643
53.936447
55.21427
58.515438
59.002533
59.22794
62.476112
56.27676
56.826702
57.526745
57.23863
60.489365
59.84355
59.273064
60.839146
55.81516
57.363007
59.893913
62.318016
61.690716
63.974056
70.065056
63.558147
58.470257
58.00674
54.632835
54.422306
58.41726
63.40323
65.28846
71.179146
64.40768
60.178135
62.93963
61.686626
59.440773
63.05151
63.47386
66.33477
68.79603
68.51162
63.395
63.953228
64.364395
64.447205
65.48248
66.36978
65.07955
71.50812
66.31377
56.422916
64.24314
71.08319
69.498634
58.81639
62.055904
64.295555
72.06203
60.901825
63.497326
69.238495
68.39861
67.14049
65.20901
70.59867
71.75102
70.82192
73.15543
71.89787
65.77539
69.45182
73.500465
67.53885
72.909325
74.164894
70.43268
63.765045
66.37433
67.34226
67.70272
70.148895
73.48183
70.40511
71.3087
73.95793
75.2727
70.85805
73.32266
67.16057
73.58372
74.153305
72.56483
69.70382
70.006
74.490326
74.860085
76.550514
73.22269
73.41169
70.53512
67.94475
69.36008
68.94324
69.95045
72.659004
72.48289
74.071335
75.52058
74.9496
74.87815
77.41678
77.005844
76.59751
75.737885
76.89606
75.14926
77.674995
73.91927
71.20559
72.6385
72.398964
74.02089
74.00037
71.79088
69.94625
75.66264
75.84229
78.0451
78.785126
79.3844
79.135635
74.74975
77.4996
75.328835
77.33566
78.16441
77.14607
76.25742
