7.476958
7.3193374
8.638948
16.61621
14.931901
17.642197
17.647419
10.025958
8.004859
7.9186215
8.149566
8.452414
8.0598955
9.715896
10.197609
8.209186
13.832041
8.812271
7.4138556
8.515993
7.8944383
8.73889
7.5876756
8.5848255
8.603826
7.357231
8.535912
7.5841537
9.089232
8.2710495
9.362
7.7221
17.31144
13.137523
16.04538
12.205763
8.867489
8.229231
9.376528
7.5704656
9.730545
7.444791
9.380034
8.07053
8.705942
9.629815
9.62408
7.901927
9.48383
9.833521
7.4530683
8.224528
7.907792
8.55046
9.445147
9.693127
12.793809
10.5271845
7.3836703
8.6928625
7.717391
8.718795
7.9908643
9.762814
13.248582
7.8249674
8.463403
10.0409355
8.247324
7.8154764
9.811592
7.125021
12.333756
11.234583
7.5849304
9.247951
12.625633
7.688034
8.986093
7.857743
9.043565
7.9127207
11.513451
8.782953
10.769032
7.688551
8.720392
9.220257
9.7555065
8.257143
11.65645
9.172031
9.745149
8.837721
13.025017
16.44254
10.997839
8.848066
9.189896
11.632266
8.932006
9.0206175
9.552563
10.377925
12.293835
9.038256
9.020571
10.416137
9.084808
8.665143
9.470052
9.977323
9.167105
9.320972
9.768032
9.992404
9.652368
9.357847
12.435329
13.87463
10.862011
9.689647
9.628872
10.149643
10.555933
10.826724
9.615373
9.467159
10.142131
11.129003
10.053062
9.303995
9.172599
11.604675
11.98557
10.269092
9.186917
8.895522
9.315783
11.01539
9.985576
12.045985
12.584966
12.12096
11.554784
10.542452
10.116831
9.423761
8.835509
8.141969
7.8887367
7.6126785
7.245138
7.2957873
6.89023
6.9976263
6.9552765
6.8472204
7.044849
6.877061
6.930154
6.8922606
6.708009
6.827553
6.9178324
6.8103013
6.811214
6.8886104
6.970523
6.948301
6.813916
6.8774667
6.862629
6.703292
6.9664936
6.8310976
6.9711933
6.879017
6.7456713
6.9863377
